implementation <15,16>
states = 3;
inputs = 1;
outputs = 1;
A = [1.368,-0.7357;0.5,0.0]
B = [0.01562;0.0]
C = [0.004709,0.006764]
D = [0.0]
inputs = [1.0]
K = [-1783500.0000,-7670.0000,438.7794]

