implementation <7,3>
states = 2;
inputs = 1;
outputs = 1;
A = [2.0025,-1;1,0] 
B = [0.0625;0] 
C = [0.020004,0.020004] 
D = [0] 
inputs = [1] 
