implementation <7,3>
states = 2;
inputs = 1;
outputs = 1;
A = [2.2553,-1;1,0] 
B = [0.5;0] 
C = [0.25525,0.25525] 
D = [0] 
inputs = [1] 
