implementation <7,3>
states = 2;
inputs = 1;
outputs = 1;
A = [2.0401,-1;1,0] 
B = [0.25;0] 
C = [0.080267,0.080267] 
D = [0] 
inputs = [1] 
