implementation <15,16>
states = 3;
inputs = 1;
outputs = 1;
A = [1.0009,0.0010,-0.000016859;1.8675,1.0009,-0.0335;0.0000,0.0000,0.9585]
B = [-0.000000011998;0.00003587;0.0021]
C = [1.0000,0.0000,0.0000]
D = [0.0]
inputs = [1.0]
K = [-1783500.0000,-7670.0000,438.7794]
