implementation <7,3>
states = 1;
inputs = 1;
outputs = 1;
A = [0.97531] 
B = [0.03125] 
C = [0.015802] 
D = [0] 
inputs = [1] 
