implementation <7,3>
states = 1;
inputs = 1;
outputs = 1;
A = [0.9975] 
B = [0.0078125] 
C = [0.006392] 
D = [0] 
inputs = [1] 
