implementation <7,3>
states = 3;
inputs = 1;
outputs = 1;
A = [2.8067,-1.3142,0.81058;2,0,0;0,0.5,0] 
B = [4;0;0] 
C = [1.111,-0.39845,1.4265] 
D = [0] 
inputs = [1] 
