implementation <7,3>
states = 4;
inputs = 1;
outputs = 1;
A = [4.2553,-3.2553,1.0638,-0.5;2,0,0,0;0,2,0,0;0,0,0.5,0] 
B = [0.25;0;0;0] 
C = [0.10524,0.028679,-0.050254,-0.076565] 
D = [0] 
inputs = [1] 
