implementation <7,3>
states = 2;
inputs = 1;
outputs = 1;
A = [2.01,-1;1,0] 
B = [0.125;0] 
C = [0.040033,0.040033] 
D = [0] 
inputs = [1] 
