implementation <7,3>
states = 2;
inputs = 1;
outputs = 1;
A = [-1.9999,-1;1,0] 
B = [0.5;0] 
C = [0.40774,0.40774] 
D = [0] 
inputs = [1] 
