implementation <7,3>
states = 2;
inputs = 1;
outputs = 1;
A = [1.9998,-1;1,0] 
B = [0.0039062;0] 
C = [0.0031999,0.0031999] 
D = [0] 
inputs = [1] 
