implementation <7,3>
states = 3;
inputs = 1;
outputs = 1;
A = [1.7793,-1.1436,0.72844;1,0,0;0,0.5,0] 
B = [0.25;0;0] 
C = [0.057943,0.11589,0.11589] 
D = [0] 
inputs = [1] 
