implementation <7,3>
states = 3;
inputs = 1;
outputs = 1;
A = [0.94241,0.20473,0.2051;0.25,0,0;0,0.125,0] 
B = [2;0;0] 
C = [0.065923,0.52738,2.1095] 
D = [0] 
inputs = [1] 
