implementation <7,3>
states = 3;
inputs = 1;
outputs = 1;
A = [0.9905,0.075687,0.021033;0.125,0,0;0,0.015625,0] 
B = [16;0;0] 
C = [0.01564,0.25023,8.0075] 
D = [0] 
inputs = [1] 
