implementation <7,3>
states = 3;
inputs = 1;
outputs = 1;
A = [1.0009,-0.029331,0.0021569;0.03125,0,0;0,0.0039062,0] 
B = [64;0;0] 
C = [0.0058044,0.37148,47.5494] 
D = [0] 
inputs = [1] 
