implementation <7,3>
states = 3;
inputs = 1;
outputs = 1;
A = [2.4094,-2.0129,0.60351;1,0,0;0,1,0] 
B = [0.125;0;0] 
C = [0.019231,0.038462,0.019231] 
D = [0] 
inputs = [1] 
