implementation <7,3>
states = 3;
inputs = 1;
outputs = 1;
A = [0.87892,-0.011578,0.26531;1,0,0;0,0.5,0] 
B = [0.5;0;0] 
C = [0.12422,0.24844,0.24844] 
D = [0] 
inputs = [1] 
