implementation <7,3>
states = 3;
inputs = 1;
outputs = 1;
A = [2.8943,-1.3991,0.90393;2,0,0;0,0.5,0] 
B = [0.0078125;0;0] 
C = [0.0030427,0.0030427,0.0030427] 
D = [0] 
inputs = [1] 
