implementation <7,3>
states = 1;
inputs = 1;
outputs = 1;
A = [0.99005] 
B = [0.015625] 
C = [0.012736] 
D = [0] 
inputs = [1] 
