implementation <7,3>
states = 1;
inputs = 1;
outputs = 1;
A = [0.9995] 
B = [0.0039062] 
C = [0.0025594] 
D = [0] 
inputs = [1] 
