implementation <7,3>
states = 1;
inputs = 1;
outputs = 1;
A = [0.95123] 
B = [0.03125] 
C = [0.031213] 
D = [0] 
inputs = [1] 
