implementation <7,3>
states = 2;
inputs = 1;
outputs = 1;
A = [1.999,-1;1,0] 
B = [0.0078125;0] 
C = [0.0063995,0.0063995] 
D = [0] 
inputs = [1] 
