implementation <7,3>
states = 2;
inputs = 1;
outputs = 1;
A = [1.9027,-1;1,0] 
B = [0.125;0] 
C = [0.039674,0.039674] 
D = [0] 
inputs = [1] 
