implementation <7,3>
states = 2;
inputs = 1;
outputs = 1;
A = [-0.028501,-1;1,0] 
B = [0.5;0] 
C = [0.20678,0.20678] 
D = [0] 
inputs = [1] 
