implementation <7,3>
states = 2;
inputs = 1;
outputs = 1;
A = [1.6203,-1;1,0] 
B = [0.25;0] 
C = [0.077418,0.077418] 
D = [0] 
inputs = [1] 
