implementation <7,3>
states = 2;
inputs = 1;
outputs = 1;
A = [1.9755,-1;1,0] 
B = [0.0625;0] 
C = [0.019959,0.019959] 
D = [0] 
inputs = [1] 
