implementation <15,16>
states = 3;
inputs = 1;
outputs = 1;
A = [1.006,-0.1078;0.0625,0.0]
B = [0.0625;0.0]
C = [0.01282,0.04911]
D = [0.0]
inputs = [1.0]
K = [-1783500.0000,-7670.0000,438.7794]
