implementation <7,3>
states = 3;
inputs = 1;
outputs = 1;
A = [-0.044641,-0.01595,0.0007445;0.03125,0,0;0,0.00097656,0] 
B = [0.25;0;0] 
C = [0.085175,-0.050045,0.0023208] 
D = [0] 
inputs = [1] 
