implementation <15,16>
states = 3;
inputs = 1;
outputs = 1;
A = [-0.04464,-0.01595,0.0007445;0.03125,0.0,0.0;0.0,0.0009766,0.0]
B = [0.25;0.0;0.0]
C = [0.08185,-0.05634,-0.002625]
D = [0.0]
inputs = [1.0]
K = [-1783500.0000,-7670.0000,438.7794]


