implementation <7,3>
states = 4;
inputs = 1;
outputs = 1;
A = [4.0025,-3.0025,1.0006,-0.5;2,0,0,0;0,2,0,0;0,0,0.5,0] 
B = [0.0078125;0;0;0] 
C = [0.0039283,0.0018891,-0.0010571,-0.0020392] 
D = [0] 
inputs = [1] 
