implementation <7,3>
states = 4;
inputs = 1;
outputs = 1;
A = [4.0401,-3.0401,1.01,-0.5;2,0,0,0;0,2,0,0;0,0,0.5,0] 
B = [0.0625;0;0;0] 
C = [0.029774,0.012478,-0.0098528,-0.017296] 
D = [0] 
inputs = [1] 
