implementation <7,3>
states = 4;
inputs = 1;
outputs = 1;
A = [4.01,-3.01,1.0025,-0.5;2,0,0,0;0,2,0,0;0,0,0.5,0] 
B = [0.03125;0;0;0] 
C = [0.0077141,0.0035566,-0.0022289,-0.0041574] 
D = [0] 
inputs = [1] 
