implementation <7,3>
states = 4;
inputs = 1;
outputs = 1;
A = [4.0001,-3.0001,1,-0.5;2,0,0,0;0,2,0,0;0,0,0.5,0] 
B = [0.00097656;0;0;0] 
C = [0.00025517,0.00012663,-6.4753e-05,-0.00012855] 
D = [0] 
inputs = [1] 
