implementation <7,3>
states = 4;
inputs = 1;
outputs = 1;
A = [4,-3,1,-0.5;2,0,0,0;0,2,0,0;0,0,0.5,0] 
B = [0.00024414;0;0;0] 
C = [0.00012782,6.3672e-05,-3.2196e-05,-6.4152e-05] 
D = [0] 
inputs = [1] 
