implementation <7,3>
states = 3;
inputs = 1;
outputs = 1;
A = [2.9194,-1.4198,0.91943;2,0,0;0,0.5,0] 
B = [2;0;0] 
C = [0.91278,-0.84234,1.0088] 
D = [0] 
inputs = [1] 
