implementation <7,3>
states = 3;
inputs = 1;
outputs = 1;
A = [2.9958,-1.4958,0.99581;2,0,0;0,0.5,0] 
B = [0.5;0;0] 
C = [0.19511,-0.19554,0.19609] 
D = [0] 
inputs = [1] 
