implementation <7,3>
states = 3;
inputs = 1;
outputs = 1;
A = [2.9979,-1.4979,0.9979;2,0,0;0,0.5,0] 
B = [0.5;0;0] 
C = [0.097776,-0.097891,0.098021] 
D = [0] 
inputs = [1] 
