implementation <7,3>
states = 3;
inputs = 1;
outputs = 1;
A = [2.9792,-1.4792,0.97922;2,0,0;0,0.5,0] 
B = [1;0;0] 
C = [0.47948,-0.48174,0.49162] 
D = [0] 
inputs = [1] 
