implementation <7,3>
states = 3;
inputs = 1;
outputs = 1;
A = [2.9589,-1.4589,0.95887;2,0,0;0,0.5,0] 
B = [2;0;0] 
C = [0.47042,-0.46737,0.49454] 
D = [0] 
inputs = [1] 
