implementation <15,16>
states = 3;
inputs = 1;
outputs = 1;
A = [0.999,-0.005805;0.007812,0.0]
B = [0.125;0.0]
C = [0.01439,0.2045]
D = [0.0]
inputs = [1.0]
K = [-1783500.0000,-7670.0000,438.7794]
