implementation <7,3>
states = 4;
inputs = 1;
outputs = 1;
A = [0.00074795,-0.0016575,1.8415e-26,-1.1243e-104;0.0019531,0,0,0;0,0.0019531,0,0;0,0,0.0019531,0] 
B = [256;0;0;0] 
C = [0.00097712,0.99991,255.4721,-172.6768] 
D = [0] 
inputs = [1] 
