implementation <7,3>
states = 4;
inputs = 1;
outputs = 1;
A = [0.02366,-0.31922,0.0012041,-4.0292e-17;0.25,0,0,0;0,0.0019531,0,0;0,0,0.0019531,0] 
B = [256;0;0;0] 
C = [0.001404,0.0097416,1.3492,-390.7199] 
D = [0] 
inputs = [1] 
