implementation <7,3>
states = 4;
inputs = 1;
outputs = 1;
A = [-0.15905,-0.1019,8.849e-11,-6.0477e-42;0.0625,0,0,0;0,0.0625,0,0;0,0,0.0625,0] 
B = [16;0;0;0] 
C = [0.019589,0.60479,4.3085,-5.6516] 
D = [0] 
inputs = [1] 
