implementation <7,3>
states = 4;
inputs = 1;
outputs = 1;
A = [0.76995,-0.56916,0.049073,-1.2695e-08;0.5,0,0,0;0,0.03125,0,0;0,0,0.03125,0] 
B = [16;0;0;0] 
C = [0.016561,0.049179,-0.032149,-17.4724] 
D = [0] 
inputs = [1] 
