implementation <7,3>
states = 4;
inputs = 1;
outputs = 1;
A = [2.0727,-1.3602,0.5395,-0.091745;1,0,0,0;0,0.5,0,0;0,0,0.125,0] 
B = [1;0;0;0] 
C = [0.047193,0.053056,-0.070934,-0.66128] 
D = [0] 
inputs = [1] 
